0 0.0757575765625 0.8075068875 0.06600091875 0.8161157015624999 0.07059228749999999 0.8235766765625 0.059113865625 0.8321854906249999 0.05165289375 0.8212809921875 0.0688705234375 0.80922865 0.0665748390625 0.8029155187500001 0.0728879703125 0.79947199375 0.060261707812499996 0.7799586781250001 0.0258264453125 0.8040633609375 0.055670340625 0.8488292015625 0.0895316796875 0.825872359375 0.0757575765625 0.8075068875
0 0.051078971875000004 0.85514233125 0.036157024999999995 0.8362029375000001 0 0.862029384375 0.012626262499999999 0.879247015625 0.051078971875000004 0.85514233125
0 0.290404040625 0.709366390625 0.23702938437499999 0.743801653125 0.2462121203125 0.75585399375 0.2978650140625 0.7214187328125 0.290404040625 0.709366390625
0 0.3535353546875 0.879247015625 0.339187328125 0.8890036734375 0.3558310375 0.91483011875 0.3701790625 0.9050734625000001 0.3535353546875 0.879247015625
0 0.4292929296875 0.8218549124999999 0.41207529843749996 0.8333333328125001 0.41953627187500003 0.8390725437500001 0.43617998125 0.828741965625 0.4292929296875 0.8218549124999999
0 0.44880624375 0.8413682281250001 0.427571165625 0.8574380171874999 0.44019742968750003 0.876377409375 0.4625803484375 0.86432506875 0.44880624375 0.8413682281250001
0 0.46774563750000003 0.8706381999999999 0.44651055937499995 0.8884297515625 0.460284665625 0.9079430671875001 0.4838154265625 0.8924471984375 0.46774563750000003 0.8706381999999999
0 0.39657943125 0.9326216703125001 0.37362259062500003 0.9498393015625 0.38165748437499997 0.96016988125 0.4017447203125 0.9458218546875001 0.39657943125 0.9326216703125001
0 0.6605831046875 0.3994490359375 0.6077823687499999 0.43445821875 0.6370523421875001 0.47979797968750004 0.688705234375 0.44708448125 0.6605831046875 0.3994490359375
0 0.42412764062499997 0.2852387515625 0.396005509375 0.3053259875 0.4269972453125 0.3558310375 0.45798898125000004 0.3363177234375 0.42412764062499997 0.2852387515625
0 0.3931359046875 0.07059228749999999 0.3845270890625 0.07690541875 0.39198806249999996 0.0860881546875 0.4011707984375 0.08092286562499999 0.4040404046875 0.0849403125 0.39198806249999996 0.0924012859375 0.3994490359375 0.106175390625 0.40920569375 0.099862259375 0.41207529843749996 0.10215794375000001 0.4229797984375 0.0969926546875 0.389692378125 0.0522268140625 0.37362259062500003 0.063705234375 0.3776400375 0.0688705234375 0.387970615625 0.0625573921875 0.3931359046875 0.07059228749999999
0 0.41551882500000004 0.04074839375 0.4057621671875 0.0470615234375 0.43732782343750004 0.09469697031249999 0.44708448125 0.088957759375 0.41551882500000004 0.04074839375
0 0.0091827359375 0.7747933875 0.05337465625 0.7788108359375 0.0545224984375 0.770775940625 0.0505050515625 0.7661845734375 0.0505050515625 0.761019284375 0.0143480265625 0.761019284375 0.0160697890625 0.7696280984375 0.0091827359375 0.7696280984375 0.0091827359375 0.7747933875