0 0.0303030296875 0 0.0025252531250000002 0.01893939375 0.0113636359375 0.0366161625 0.084595959375 0 0.0303030296875 0
0 0.0214646453125 0.055555556250000006 0.031565656250000004 0.0757575765625 0.17424242343750002 0.0037878796875 0.116161615625 0 0.0214646453125 0.055555556250000006
0 0.0378787875 0.09343434375000001 0.053030303125 0.1174242421875 0.2550505046875 0.0037878796875 0.2045454546875 0 0.0378787875 0.09343434375000001
0 0.0580808078125 0.1325757578125 0.071969696875 0.1477272734375 0.2790404046875 0.04292929375 0.2613636359375 0.0214646453125 0.0580808078125 0.1325757578125
0 0.07954545468749999 0.165404040625 0.09469697031249999 0.190656565625 0.30050505156249996 0.0744949484375 0.28409090937500003 0.054292929687500005 0.07954545468749999 0.165404040625
0 0.097853534375 0.20202020156249997 0.1152146453125 0.2272727265625 0.3203914140625 0.112847221875 0.30539772656249997 0.08838383749999999 0.097853534375 0.20202020156249997
0 0.1183712125 0.23753156562500002 0.134154040625 0.26278409062499997 0.337752525 0.15230429375 0.32749368749999996 0.1238952015625 0.1183712125 0.23753156562500002
0 0.13809974687499998 0.2746212125 0.14204545468750002 0.2825126265625 0.155460859375 0.3014520203125 0.35669191875 0.1893939390625 0.3456439390625 0.1633522734375 0.13809974687499998 0.2746212125
0 0.15861742343750002 0.3140782828125 0.1767676765625 0.337752525 0.3787878796875 0.2264835859375 0.366161615625 0.20202020156249997 0.15861742343750002 0.3140782828125
0 0.180713384375 0.3488005046875 0.1957070703125 0.3772095953125 0.4008838375 0.265151515625 0.3827335859375 0.23516414062500002 0.180713384375 0.3488005046875
0 0.20202020156249997 0.38667929375 0.2138573234375 0.4111426765625 0.42061237343749996 0.3014520203125 0.406407828125 0.2738320703125 0.20202020156249997 0.38667929375
0 0.218592171875 0.4237689390625 0.2359532828125 0.45059974687500004 0.4419191921875 0.3385416671875 0.42850378750000007 0.3109217171875 0.218592171875 0.4237689390625
0 0.2414772734375 0.46243686874999995 0.25568181874999996 0.48768939375000003 0.46243686874999995 0.37563131250000004 0.4450757578125 0.3480113640625 0.2414772734375 0.46243686874999995
0 0.292771465625 0.48295454531250004 0.3077651515625 0.5074179296875 0.48295454531250004 0.4111426765625 0.46717171718749995 0.38510100937499997 0.292771465625 0.48295454531250004
0 0.957228534375 0.46796085937500004 0.9611742421875 0.4955808078125 0.9990530296875001 0.490845959375 0.9927398984375 0.46243686874999995 0.957228534375 0.46796085937500004
0 1 0.572127525 0.9832702015624999 0.5729166671875 0.9895833328125001 0.605271465625 1 0.6021148984375 1 0.572127525