0 0.28436539375000003 0.9343434343749999 0.2722880984375 0.9420289859375 0.27942468125 0.9497145375 0.2915019765625 0.9436758890625001 0.28436539375000003 0.9343434343749999
0 0.233311375 0.963987703125 0.21629336875 0.9738691265625 0.2212340796875 0.9837505484375001 0.2388010546875 0.9749670625 0.233311375 0.963987703125
0 0.1745718046875 0.66919191875 0.1306543703125 0.6906016687500001 0.1559068953125 0.7454984625 0.20147123437499997 0.7257356171875 0.1745718046875 0.66919191875
0 0.184453228125 0.76251646875 0.211901625 0.74989020625 0.20202020156249997 0.7301273609375001 0.1559068953125 0.747694334375 0.17951251562499998 0.8025911296875 0.2239789203125 0.781730346875 0.21629336875 0.75867369375 0.18664909999999998 0.772946859375 0.184453228125 0.76251646875
0 0.233311375 0.7778875703125 0.2470355734375 0.7696530515625 0.2245278875 0.7185990343750001 0.205862978125 0.72463768125 0.233311375 0.7778875703125
0 0.1965305234375 0.6598594640625 0.18225735625 0.666996046875 0.20696091249999998 0.72079490625 0.222880984375 0.7131093546875 0.1965305234375 0.6598594640625
0 0 0.748243303125 0.040623628125 0.7312252953125 0.025252524999999998 0.69938515625 0 0.713658321875 0 0.748243303125
0 0.281620553125 0.5478700046875 0.24154589375 0.5670838812500001 0.2552700921875 0.5923364078125 0.2936978484375 0.5742204656250001 0.281620553125 0.5478700046875
0 0.2744839703125 0.5890426 0.261308740625 0.5961791828125 0.268994290625 0.61484409375 0.2849143609375 0.6093544140625 0.2744839703125 0.5890426
0 0.2936978484375 0.5813570484375 0.2805226171875 0.5879446640625 0.2876592015625 0.60606060625 0.303030303125 0.600021959375 0.2936978484375 0.5813570484375
0 0.251976284375 0.5303030296875 0.24538866874999998 0.5330478703125 0.2404479578125 0.5248133515625 0.233311375 0.5297540625 0.2300175671875 0.523715415625 0.2234299515625 0.5270092234375 0.23660518125 0.5555555562500001 0.260759771875 0.5434782609375 0.251976284375 0.5303030296875
0 0.24319279843750002 0.52151954375 0.24923144531250002 0.5198726390624999 0.2508783484375 0.5264602546875 0.2700922265625 0.51767676875 0.2739350015625 0.5259112874999999 0.2788757140625 0.5248133515625 0.28271848906249997 0.5303030296875 0.2958937203125 0.5242643828125 0.27777777812500004 0.48748353125 0.230566534375 0.510540184375 0.234958278125 0.51767676875 0.2409969265625 0.5160298640625001 0.24319279843750002 0.52151954375
0 0.0323891078125 0.3507905140625 0.013724198437499998 0.31510759843749997 0.0010979359375000001 0.3216952125 0.00054896875 0.3343214765625 0.0120772953125 0.3590250328125 0.0323891078125 0.3507905140625
0 0.7680061484375 0.9178743953125 0.78392621875 0.9123847171874999 0.776789634375 0.8997584546875 0.768555115625 0.8953667109375001 0.76251646875 0.9003074218749999 0.7581247265625 0.892072903125 0.76251646875 0.8887790953125 0.7669082125 0.8909749671875 0.7723978921875 0.887681159375 0.765261309375 0.872859025 0.743851559375 0.883838384375 0.76251646875 0.9167764593750001 0.7658102765625 0.9156785234375 0.7680061484375 0.9178743953125
0 0.789964865625 0.8723100562500001 0.7778875703125 0.875603865625 0.7828282828125 0.8893280625 0.7938076421875 0.88603425625 0.789964865625 0.8723100562500001
0 0.8102766796875001 0.9063460687499999 0.807531840625 0.8992094859374999 0.80149319375 0.90250329375 0.7987483531249999 0.89811155 0.7954545453125 0.90250329375 0.789964865625 0.8926218703125001 0.7800834437499999 0.8964646453125 0.7883179625000001 0.9134826531250001 0.8102766796875001 0.9063460687499999