0 1 0.45745920625 0.960081584375 0.4623154625 0.9610528359374999 0.48076923125000004 0.983877234375 0.47688422656249996 0.9877622374999999 0.49388111874999996 1 0.4924242421875 1 0.45745920625
0 1 0.49825174843750003 0.9858197359374999 0.5001942500000001 0.990190365625 0.515734265625 0.9644522140625 0.5201048953125 0.9673659671875001 0.5371017874999999 1 0.534673659375 1 0.49825174843750003
0 1 0.547299921875 0.9707653453124999 0.5516705515625 0.9731934734375001 0.565753690625 0.996989121875 0.5647824406249999 1 0.583721834375 1 0.547299921875
0 1 0.60606060625 0.98193473125 0.609459984375 0.9804778546874999 0.6254856249999999 1 0.6240287484375 1 0.60606060625
0 0.9697940953125 0.591491840625 0.924630925 0.6002331 0.9294871796875 0.63082750625 0.975135975 0.6254856249999999 0.9697940953125 0.591491840625
0 0.964937840625 0.553127428125 0.9188034187499999 0.558954934375 0.924630925 0.591006215625 0.9678515937500001 0.5851787093749999 0.964937840625 0.553127428125
0 0.958624709375 0.5050505046875 0.9105477859375 0.5108780109375 0.916375290625 0.54438616875 0.9629953375 0.5380730375 0.958624709375 0.5050505046875
0 0.952797203125 0.46377233906250004 0.9071484062499999 0.4705710953125 0.9115190375 0.5045648796875 0.9571678312499999 0.49970862499999996 0.952797203125 0.46377233906250004
0 0.8852952593750001 0.2704933953125 0.8746115 0.197163946875 0.84304584375 0.202505828125 0.841103340625 0.199592075 0.8513014765625 0.27340714843749997 0.8852952593750001 0.2704933953125
0 0.883838384375 0.27340714843749997 0.853243978125 0.27874902968750004 0.8605283609375001 0.3375097125 0.8945221453125001 0.334110334375 0.883838384375 0.27340714843749997
0 0.9391996890625001 0.1889083140625 0.9056915312499999 0.19376456875 0.9154040406249999 0.2641802640625 0.9474553218749999 0.2607808859375 0.9391996890625001 0.1889083140625
0 0.9474553218749999 0.264665890625 0.9144327890625 0.2704933953125 0.9212315453125001 0.3292540796875 0.95668220625 0.32488345 0.9474553218749999 0.264665890625
0 0.9994172484374999 0.25738150625 0.9761072265624999 0.260295259375 0.9858197359374999 0.32148407031250004 0.9994172484374999 0.31857031875 0.9994172484374999 0.25738150625
0 0.9921328671874999 0.190850815625 0.9790209796875 0.19327894375000002 0.9765928515625 0.1859945609375 0.9668803421875 0.1879370625 0.9761072265624999 0.2554390046875 0.9994172484374999 0.2515540015625 0.9994172484374999 0.1830808078125 0.9897047406249999 0.183566434375 0.9921328671874999 0.190850815625
0 0.964937840625 0.177738928125 0.9761072265624999 0.1738539234375 0.9746503499999999 0.1636557890625 0.9863053609374999 0.16219891250000001 0.9882478625 0.1743395484375 0.9892191140625 0.1714257953125 0.9994172484374999 0.1709401703125 0.9892191140625 0.10149572656250001 0.9561965812500001 0.10538072968750001 0.964937840625 0.177738928125
0 0.9561965812500001 0.0990675984375 0.9882478625 0.0956682203125 0.9799922296875 0.027680653125 0.9464840703125 0.03059440625 0.9561965812500001 0.0990675984375
0 0.9173465421874999 0.0364219109375 0.884809634375 0.040792540625 0.8940365187499999 0.10829448281250001 0.9270590515625001 0.1048951046875 0.9173465421874999 0.0364219109375
0 0.9275446781250001 0.109265734375 0.8964646453125 0.115578865625 0.9037490296874999 0.183566434375 0.9362859359375 0.1787101796875 0.9275446781250001 0.109265734375
0 0.841103340625 0.190850815625 0.8731546234374999 0.1864801859375 0.8653846156249999 0.11752136875000001 0.83090520625 0.121891996875 0.841103340625 0.190850815625
0 0.8304195796875 0.1165501171875 0.864898990625 0.1121794875 0.8547008546875 0.0446775453125 0.8216783218750001 0.0475912984375 0.8304195796875 0.1165501171875
0 0.9081196578125 0 0.9120046625 0.017968143750000002 0.8877233875 0.01845376875 0.884809634375 0.0019425015625 0.891122765625 0 0.7818570312500001 0.00048562500000000005 0.783799534375 0.015540015625 0.8741258734375 0.0024281265624999998 0.8770396265624999 0.021853146875 0.7988539234375 0.03205128125 0.8012820515625 0.047105671875 1 0.0199106453125 0.9999028750000001 0.003399378125 0.990190365625 0.00679875625 0.9887334890625 0 0.977564103125 0 0.9799922296875 0.00679875625 0.9547397046875 0.009712509375000001 0.953282828125 0 0.94308469375 0.0009712515624999999 0.9450271953125 0.010198134374999999 0.922202796875 0.0135975140625 0.9202602953125 0 0.9081196578125 0
0 0.7949689203125 0.05244755156250001 0.784285159375 0.053418803125000004 0.7935120437500001 0.125291375 0.8037101796874999 0.12237762187500001 0.7949689203125 0.05244755156250001
0 0.803224553125 0.127719503125 0.79254079375 0.1296620046875 0.803224553125 0.1981351984375 0.814879565625 0.196678321875 0.803224553125 0.127719503125
0 0.8158508156250001 0.20736208125000002 0.8041958046875 0.20930458437500002 0.8134226874999999 0.27826340312500003 0.8241064484375 0.27826340312500003 0.8158508156250001 0.20736208125000002
0 0.8236208234375001 0.28214840625000004 0.814879565625 0.284576534375 0.8241064484375 0.3423659671875 0.8333333328125001 0.3423659671875 0.8236208234375001 0.28214840625000004
0 0.7298951046875 0.05730380625 0.71921134375 0.0621600625 0.71921134375 0.07527195 0.74300699375 0.07527195 0.7449494953125 0.08838383749999999 0.7230963484374999 0.090326340625 0.73086635625 0.1617132875 0.7425213687500001 0.16025640937500002 0.7425213687500001 0.165598290625 0.7546620046875 0.166083915625 0.75563325625 0.1757964265625 0.7434926187500001 0.1757964265625 0.7488344984374999 0.20687645625 0.71921134375 0.2127039625 0.7318376062499999 0.3020590515625 0.7498057499999999 0.299630925 0.75563325625 0.3370240875 0.7857420359375 0.33168220625 0.7405788656250001 0.00048562500000000005 0.69250194375 0.0063131312499999995 0.697358196875 0.041763792187499996 0.7264957265625 0.0378787875 0.7298951046875 0.05730380625
0 0.634712509375 0.25738150625 0.6463675203125 0.35110722656250004 0.7230963484374999 0.3394522140625 0.6798756796875 0.0063131312499999995 0.6016899765625 0.017482517187499998 0.634712509375 0.25738150625
0 0.6351981343750001 0.35547785468750004 0.634712509375 0.34285159374999996 0.6065462312500001 0.34770784843749997 0.6007187265625 0.3195415703125 0.63082750625 0.31711344218750004 0.6143162390625 0.20007769999999997 0.5953768453125 0.2044483296875 0.5924630921875 0.18162393125 0.6123737375 0.177738928125 0.5978049734375 0.07672882656249999 0.56866744375 0.08012820468750001 0.565753690625 0.05730380625 0.5948912203125001 0.0539044296875 0.5885780890625 0.017482517187499998 0.5113636359375 0.028166278125 0.5278749031250001 0.1515151515625 0.5424852921875 0.15001665 0.5293317796875 0.1515151515625 0.54438616875 0.26806526875 0.552641803125 0.315170940625 0.5570755000000001 0.31540429375 0.5521561765625 0.31614219062500004 0.5550699296875 0.334110334375 0.5638111890624999 0.3331390828125 0.5672105671875001 0.3622766125 0.6351981343750001 0.35547785468750004