0 0.8576839828124999 0.7850829734375 0.8626443 0.7918470421875 0.90728715625 0.7616341984375 0.9005230875000001 0.75667388125 0.8576839828124999 0.7850829734375
0 0.853174603125 0.7729076484374999 0.8558802312499999 0.778769840625 0.8775252531250001 0.765241703125 0.8725649343749999 0.7611832609375 0.853174603125 0.7729076484374999
0 0.8446067812500001 0.7607323234375001 0.8491161625 0.7665945171875 0.89375901875 0.7390873015625 0.8897005765625 0.7350288593750001 0.8446067812500001 0.7607323234375001
0 0.8387445890624999 0.7499098125 0.84325396875 0.7544191921875 0.8897005765625 0.7269119765625 0.883838384375 0.7233044734375 0.8387445890624999 0.7499098125
0 0.8874458875 0.8265692640625 0.8712121203125 0.8387445890624999 0.8978174593749999 0.8766233765625 0.915854978125 0.865800865625 0.8874458875 0.8265692640625
0 0.903228715625 0.8207070703125 0.9005230875000001 0.816197690625 0.8915043296875 0.8216089468750001 0.8946608953125 0.8279220781250001 0.903228715625 0.8207070703125
0 0.9194624812500001 0.8207070703125 0.915854978125 0.8139430015625001 0.9063852812500001 0.8216089468750001 0.909541846875 0.8265692640625 0.9194624812500001 0.8207070703125
0 0.934794371875 0.8423520921875 0.922168109375 0.8256673875 0.9131493515625 0.83017676875 0.9266774890624999 0.8477633484375 0.934794371875 0.8423520921875
0 0.9081890328125001 0.8333333328125001 0.9018759015625 0.8400974031249999 0.9149531015625 0.8567821062500001 0.9208152953125 0.853174603125 0.9081890328125001 0.8333333328125001
0 0.972222221875 0.80672799375 0.9442640687500001 0.8261183265625001 0.9492243874999999 0.83198051875 0.9780844156249999 0.8116883125 0.972222221875 0.80672799375
0 0.9758297265625 0.8256673875 0.9830447328125 0.8193542562499999 0.9785353546875 0.8148448765625 0.9708694078125 0.8207070703125 0.9758297265625 0.8256673875
0 0.953282828125 0.8382936515624999 0.9636544015625 0.8333333328125001 0.959145021875 0.8256673875 0.9510281390624999 0.8328823953125 0.953282828125 0.8382936515624999
0 1 0.8793290046875001 0.9947691203125 0.8707611828124999 0.96771284375 0.8892496390625 0.9767316015624999 0.9014249640625 1 0.8892496390625 1 0.8793290046875001