0 0.7932586734375 0.2470355734375 0.7378129125 0.2497804125 0.735617040625 0.26679841875 0.7943566093750001 0.2618577078125 0.7932586734375 0.2470355734375
0 0.7916117703125 0.27173912968749997 0.735617040625 0.2750329375 0.7383618796875 0.28985507187500004 0.7927097062499999 0.28711023281250003 0.7916117703125 0.27173912968749997
0 0.8465085640625001 0.2936978484375 0.735068071875 0.298638559375 0.7361660078125001 0.3145586296875 0.8470575312499999 0.30906895 0.8465085640625001 0.2936978484375
0 0.8459595953125 0.316205534375 0.7339701359374999 0.3249890203125 0.735617040625 0.3403601234375 0.8470575312499999 0.33487044374999997 0.8459595953125 0.316205534375
0 0.845410628125 0.34200702656250004 0.73232323125 0.349143609375 0.73342116875 0.3645147125 0.8459595953125 0.3573781296875 0.845410628125 0.34200702656250004
0 0.9991216515625 0.36012296875 0.7306763296875001 0.3716512953125 0.73232323125 0.387571365625 1 0.377140975 0.9991216515625 0.36012296875
0 1 0.3842775578125 0.73342116875 0.3952569171875 0.7339701359374999 0.412823890625 1 0.4040404046875 1 0.3842775578125
0 0.99967061875 0.4084321484375 0.72848045625 0.42160737812500004 0.7279314890624999 0.4358805453125 1 0.4249011859375 0.99967061875 0.4084321484375
0 0.9991216515625 0.43368467343750006 0.7273825203125 0.446310934375 0.72848045625 0.46113307031249995 0.99967061875 0.44960474375 0.9991216515625 0.43368467343750006
0 1 0.45619235781249995 0.726833553125 0.47101449375 0.7273825203125 0.48528765937499996 1 0.47375933124999997 1 0.45619235781249995
0 0.9991216515625 0.4819938515625 0.726284584375 0.4946201140625 0.7279314890624999 0.5110891515625 0.9991216515625 0.4990118578125 0.9991216515625 0.4819938515625
0 1 0.5055994734375 0.72463768125 0.52042160625 0.726284584375 0.5352437421875 1 0.5242643828125 1 0.5055994734375
0 1 0.5303030296875 0.722441809375 0.5440272296875001 0.7251866484375 0.5604962671875 1 0.5462231015625 1 0.5303030296875
0 0.9974747468749999 0.5555555562500001 0.7235397453125 0.5670838812500001 0.72079490625 0.583003953125 0.9991216515625 0.5720245937499999 0.9974747468749999 0.5555555562500001
0 0.9985726828124999 0.578612209375 0.72079490625 0.59343434375 0.72079490625 0.6093544140625 1 0.5967281515625 0.9985726828124999 0.578612209375
0 0.9991216515625 0.6044137015625 0.7202459375 0.6181379015624999 0.7191480015625 0.633509003125 1 0.6197848046875001 0.9991216515625 0.6044137015625
0 0.99967061875 0.62747035625 0.7191480015625 0.641743521875 0.72079490625 0.6554677203125 1 0.6455862984375 0.99967061875 0.62747035625
0 0.99967061875 0.65272288125 0.7169521296875 0.6642512078125 0.7191480015625 0.6807202453125 1 0.6702898546875 0.99967061875 0.65272288125
0 1 0.6757795343749999 0.71585419375 0.6900527015625 0.71585419375 0.7059727703124999 0.99967061875 0.6922485734375 1 0.6757795343749999
0 1 0.7004830921874999 0.713658321875 0.7153052265625 0.714207290625 0.72957839375 1 0.7185990343750001 1 0.7004830921874999
0 1 0.7257356171875 0.9760649984375 0.72848045625 0.9777119015625001 0.7422046546875001 1 0.7422046546875001 1 0.7257356171875
0 0.4084321484375 0.9123847171874999 0.40678524375 0.9255599468750001 0.4885814671875 0.9211682046874999 0.4885814671875 0.908541940625 0.4084321484375 0.9123847171874999
0 0.48528765937499996 0.930500659375 0.4056873078125 0.9348924015625 0.40513834062500004 0.946969696875 0.48638559531250003 0.9414800187499999 0.48528765937499996 0.930500659375
0 0.481444884375 0.9513614406249999 0.40294246874999995 0.955753184375 0.4012955640625 0.9656346062500001 0.4841897234375 0.963987703125 0.481444884375 0.9513614406249999
0 0.4776021078125 0.9716732546875001 0.40294246874999995 0.9738691265625 0.398550725 0.9864953890624999 0.47979797968750004 0.9842995171875 0.4776021078125 0.9716732546875001
0 0.39635485312499996 0.9985726828124999 0.476504171875 1 0.476504171875 0.99198506875 0.39635485312499996 0.9985726828124999
0 0.93653930625 0.7614185328125 0.6944444437499999 0.77514273125 0.6944444437499999 0.7883179625000001 0.93653930625 0.7756917 0.93653930625 0.7614185328125
0 0.99967061875 0.7822793156250001 0.6406455859375 0.7992973203125 0.641743521875 0.8097277125 1 0.79655248125 0.99967061875 0.7822793156250001
0 1 0.80149319375 0.5857487921875 0.8212560390625001 0.586846728125 0.8333333328125001 0.99967061875 0.8168642953124999 1 0.80149319375
0 1 0.8229029421874999 0.5352437421875 0.845410628125 0.5352437421875 0.8569389546874999 0.99967061875 0.8388230125 1 0.8229029421874999
0 0.99967061875 0.8459595953125 0.5286561265625 0.8657224421875 0.5270092234375 0.8767018015625 0.99967061875 0.85968379375 0.99967061875 0.8459595953125
0 1 0.8662714093749999 0.54292929375 0.8854852875000001 0.5434782609375 0.8986605187500001 1 0.8794466406250001 1 0.8662714093749999
0 0.9991216515625 0.88603425625 0.5599472984375 0.9068950375 0.5599472984375 0.9184233640624999 0.9991216515625 0.9003074218749999 0.9991216515625 0.88603425625
0 0.99967061875 0.9074440046875001 0.5736714984375 0.9266578828125001 0.5742204656250001 0.9392841453124999 0.99967061875 0.9233640765625 0.99967061875 0.9074440046875001
0 1 0.9288537546875 0.58849363125 0.946969696875 0.5906895046875 0.960144928125 1 0.942577953125 1 0.9288537546875
0 1 0.94916556875 0.6049626703125 0.9678304796875 0.6055116375 0.9799077734375 1 0.9645366703124999 1 0.94916556875
0 0.9991216515625 0.9705753187499999 0.6192358375 0.9886912593750001 0.62252964375 0.9991216515625 0.9991216515625 0.9842995171875 0.9991216515625 0.9705753187499999
0 1 0.9903381640625 0.8102766796875001 0.9991216515625 1 1 1 0.9903381640625