0 0 0.275422690625 0.0495793375 0.25091889375 0.0120068453125 0.18802581093749998 0 0.19782733125000002 0 0.275422690625
0 0.0463121625 0.298292903125 0.0234419515625 0.3113615953125 0.0332434703125 0.3260638734375 0.0765335140625 0.306460834375 0.056113682812499996 0.2729723109375 0.0144572265625 0.29502572968749996 0.020174779687499998 0.3048272484375 0.043861784375000004 0.29502572968749996 0.0463121625 0.298292903125
0 0.0798006875 0 0.09777013906250001 0.022216778125 0.13942659531249998 0 0.0798006875 0
0 0.11247241875 0.0524381296875 0.138609803125 0.1087968640625 0.1827166390625 0.08102589375 0.1508617015625 0.0181328109375 0.11083883125 0.036102262499999996 0.105938071875 0.03773585 0.111655625 0.049170954687500004 0.1296250765625 0.03773585 0.1312586625 0.043453403125 0.11247241875 0.0524381296875
0 0.1614800140625 0.138201421875 0.1786326734375 0.18720901875 0.22764026875 0.1618884265625 0.192518159375 0.09899534531250001 0.1475945296875 0.12349914375 0.15004490937499998 0.1316670765625 0.17454870625000002 0.12023197031249999 0.17699908749999999 0.1316670765625 0.1614800140625 0.138201421875
0 0.19578533125 0.21252960937499998 0.21865554375000001 0.20109450468749998 0.22192271562500002 0.21007922968749998 0.1998692984375 0.21906395625 0.2104876109375 0.2394837875 0.254594446875 0.21579678124999999 0.23580820156249999 0.180674671875 0.19088457187500002 0.2035448828125 0.19578533125 0.21252960937499998
0 0.9410275312499999 0.329004328125 0.945111496875 0.34288981406249996 0.9630809484375 0.3322715015625 0.9434779109375 0.2906150453125 0.9010046609375 0.3061341171875 0.903455040625 0.3175692234375 0.8952871078125 0.32246998125 0.9050886265625 0.3445234015625 0.9140733531249999 0.340439434375 0.9230580796875 0.3526913328125 0.9377603578124999 0.34534019374999997 0.9328595984374999 0.3322715015625 0.9328595984374999 0.33145470781249997 0.9410275312499999 0.329004328125
0 0.9835007812500001 0.286531078125 0.9761496421875 0.2889814578125 0.972065675 0.280813525 0.955729809375 0.286531078125 0.972065675 0.329004328125 0.9875847468750001 0.32246998125 0.9835007812500001 0.31430205 0.9933023000000001 0.308584496875 0.9835007812500001 0.286531078125
0 0.818508540625 0.35759209375 0.809523815625 0.3600424734375 0.8111574015624999 0.3682104046875 0.8038062625 0.37147757812500004 0.796455121875 0.351874540625 0.7842032234375 0.3551417125 0.7882871890625001 0.3673936125 0.7842032234375 0.370660784375 0.78011925625 0.3600424734375 0.7703177375 0.3633096453125 0.7882871890625001 0.40741648125 0.8217757140625 0.3910806171875 0.817691746875 0.38291268437500003 0.8258596796875001 0.37719513125000004 0.818508540625 0.35759209375
0 0.8568978234375001 0.37801192499999997 0.8765008625 0.3690271984375 0.8724168953125 0.3584088859375 0.8854855890625 0.3551417125 0.8903863484375 0.36494323125 0.9001878671875 0.3600424734375 0.8969206937499999 0.34534019374999997 0.8871191749999999 0.35024095312500003 0.8822184156249999 0.340439434375 0.8879359687499999 0.335538675 0.8797680359375001 0.31593563593749996 0.8724168953125 0.3208363953125 0.8765008625 0.329821121875 0.8609817906250001 0.335538675 0.8552642374999999 0.3265539484375 0.838928371875 0.3339050875 0.8413787515625 0.3445234015625 0.83484440625 0.34779057343750003 0.844645925 0.3690271984375 0.8536306515625001 0.3657600265625 0.8568978234375001 0.37801192499999997
0 0.8163848734375 0.5709384953125001 0.79106428125 0.580740015625 0.81393449375 0.6248468515625001 0.8408886703125 0.611778159375 0.834354325 0.5913583265625 0.8253695984375 0.5921751203125 0.8163848734375 0.5709384953125001
0 0.85640774375 0.5766560484375 0.8490566046874999 0.5815568078125 0.860491709375 0.6068773984375 0.9111328921874999 0.58645756875 0.892346646875 0.5374499703125 0.8498733968750001 0.55296904375 0.85640774375 0.5766560484375
0 0.977293146875 0.53173241875 0.9650412484374999 0.5374499703125 0.9544229359375 0.5129461734375 0.9111328921874999 0.5292820390624999 0.919300825 0.5537858375 0.9119496859374999 0.557053009375 0.925018378125 0.5815568078125 1 0.5505186640625 0.9977129796875 0.49415992812500004 0.9691252140625 0.505595034375 0.977293146875 0.53173241875