0 0.134877071875 0.6473413453125 0.15202973125000002 0.6416237921875 0.1491709546875 0.627329909375 0.131446540625 0.6319039515625 0.134877071875 0.6473413453125
0 0.1274442546875 0.6136077828125 0.1434534015625 0.608461984375 0.139451115625 0.594168103125 0.12287021093749999 0.5975986343749999 0.1274442546875 0.6136077828125
0 0.12229845624999999 0.6393367703124999 0.11715265781249999 0.6221841125 0.1007371015625 0.6254693859375 0.10537295625000001 0.6458671421875 0.12229845624999999 0.6393367703124999
0 0.26009148125000003 0.6399085265625 0.309262434375 0.6479131 0.3104059453125 0.64048028125 0.26009148125000003 0.62961693125 0.26009148125000003 0.6399085265625
0 0.2377930234375 0.578730709375 0.2515151515625 0.6307604421875 0.26009148125000003 0.6284734203125 0.24636935468750001 0.5775872 0.2377930234375 0.578730709375
1 0.758472040625 0.8703351843749999 0.7742339421875 0.87358028125 0.774697528125 0.861990646875 0.7593992093749999 0.8587455484375001 0.758472040625 0.8703351843749999
0 0.5442955984375 0.8351026953125 0.5572759890625 0.8364934515625 0.55913033125 0.8258309875000001 0.547540696875 0.823976646875 0.5442955984375 0.8351026953125
0 0.39668999843749997 0.2044411484375 0.34615919375000004 0.19563302656249998 0.3447684375 0.20351397656249998 0.39529924375 0.2137128546875 0.39668999843749997 0.2044411484375
0 0.3410597546875 0.22252097656249997 0.39112697500000004 0.231792684375 0.392981315625 0.2239117328125 0.3429140953125 0.212785684375 0.3410597546875 0.22252097656249997
0 0.3888090484375 0.244309490625 0.340132584375 0.23503778125000002 0.337351071875 0.24338231875 0.38695470625 0.2531176125 0.3888090484375 0.244309490625
0 0.11000880937499999 0.6159195390625001 0.1197441015625 0.6136016125 0.1123267359375 0.5932038546875 0.0914653953125 0.5983032953125 0.09517407812499999 0.611283684375 0.10769088281250001 0.6075750015625 0.11000880937499999 0.6159195390625001