0 0.289769259375 0.9156200125 0.28368283125 0.9205998171875001 0.289769259375 0.9322193593750001 0.2289049859375 0.9604382499999999 0.22115862343749998 0.9482653953125 0.21341226249999998 0.951031953125 0.22613842812499999 0.97150448125 0.2941957515625 0.9410723453125 0.29142919375 0.93443260625 0.2975156203125 0.9311127375 0.289769259375 0.9156200125
0 0.23167154375000001 1 0.23997121875 0.9964035015625001 0.22669174062500003 0.97205779375 0.21673213125 0.9687379234375 0.1979195375 0.9798041546875 0.204005965625 0.9908703859375001 0.2233718703125 0.9820174015625 0.23167154375000001 1
0 0.2532506953125 0.9836773359375 0.26099705625 0.980910778125 0.2621036796875 0.98644389375 0.29862224375 0.9698445453125 0.2881093234375 0.9482653953125 0.23831128281249997 0.9709511703124999 0.2405245296875 0.9786975312499999 0.24993082656249999 0.9759309734375 0.2532506953125 0.9836773359375
1 0.49118545156250004 0.865065740625 0.5045264078125 0.858871725 0.4969030046875 0.8436249171875 0.4859443609375 0.8493424703124999 0.49118545156250004 0.865065740625
1 0.866161628125 0.51133981875 0.8852201375 0.49990471249999996 0.8809319734375001 0.49037545781249997 0.861397 0.4979988625 0.866161628125 0.51133981875
0 0.7637221390625 0.40937679375 0.7956451421875 0.3955593734375 0.7780160203125 0.356965890625 0.74704594375 0.3707833109375 0.7637221390625 0.40937679375
0 0.69939966875 0.3917476703125 0.7079759984375 0.38745950625000003 0.7051172203125 0.38031256562500004 0.6665237390625001 0.3988946125 0.668429590625 0.406041553125 0.67605299375 0.40222985156249996 0.6779588453125001 0.4098532546875 0.70178198125 0.399371075 0.69939966875 0.3917476703125
0 0.465265865625 0.069087096875 0.452877834375 0.07337526250000001 0.4485896703125 0.06194015625 0.4362016390625 0.0752811125 0.4376310265625 0.08528683125 0.4843243765625 0.069563559375 0.48051267343750004 0.06194015625 0.462407090625 0.0576519921875 0.465265865625 0.069087096875
0 0.291356965625 0.07909281562500001 0.290880503125 0.08766914375 0.3070802359375 0.0843339046875 0.3056508484375 0.0771869640625 0.29612159375 0.07099294843750001 0.291356965625 0.07909281562500001
0 0.37569087031250004 0.21154945625 0.3509148078125 0.22298456249999998 0.35186773437499996 0.2258433390625 0.3437678671875 0.23013150468750002 0.3428149421875 0.2382313703125 0.39093767968750004 0.215361159375 0.389031828125 0.21059653125 0.378073184375 0.215361159375 0.37569087031250004 0.21154945625
1 0.391414140625 0.343624934375 0.40427863437499995 0.33762150156250004 0.3999904703125 0.32761578281250003 0.3880789015625 0.33333333593750003 0.391414140625 0.343624934375
1 0.27420430625000003 0.0829045171875 0.2803983234375 0.080998665625 0.27849247187500004 0.066704784375 0.27134553125 0.069563559375 0.27420430625000003 0.0829045171875