0 0.4962121203125 0.4856902359375 0.47180134687499997 0.49410774375 0.496632996875 0.585016834375 0.5206228953125 0.578282828125 0.4962121203125 0.4856902359375
0 0.5273569015625 0.477693603125 0.502525253125 0.4856902359375 0.5075757578125 0.5046296296875 0.5319865312500001 0.496632996875 0.5273569015625 0.477693603125
0 0.5555555562500001 0.47222222187499996 0.53156565625 0.47937710468750006 0.5391414140624999 0.5138888890625 0.565235690625 0.5075757578125 0.5555555562500001 0.47222222187499996
0 0.5858585859375001 0.4638047140625 0.560185184375 0.4709595953125 0.565235690625 0.49031986562499996 0.5913299656250001 0.48232323125 0.5858585859375001 0.4638047140625
0 0.615740740625 0.46885521875 0.59343434375 0.47601010156249995 0.597222221875 0.499579125 0.622053871875 0.49284511875000003 0.615740740625 0.46885521875
0 0.6228956234374999 0.4983164984375 0.5984848484375 0.5042087546875 0.6127946125 0.5551346796875001 0.6363636359375 0.5496633 0.6228956234374999 0.4983164984375
0 0.59385521875 0.50589225625 0.5711279453125 0.5122053875 0.584595959375 0.5639730640625 0.608585859375 0.5555555562500001 0.59385521875 0.50589225625
0 0.5635521890625 0.5126262625 0.5416666671875 0.51893939375 0.553451178125 0.5711279453125 0.577861953125 0.564814815625 0.5635521890625 0.5126262625
0 0.5492424234375 0.5694444437499999 0.5370370375 0.5210437703124999 0.5122053875 0.528198653125 0.5122053875 0.5319865312500001 0.5256734015625 0.5757575765625 0.5492424234375 0.5694444437499999
0 0.824915825 0.441077440625 0.8009259265625 0.446548821875 0.8085016843749999 0.47727272656249997 0.83249158125 0.47180134687499997 0.824915825 0.441077440625
0 0.8594276093750001 0.43139730624999995 0.8303872046875 0.4393939390625 0.8367003375 0.4696969703125 0.86784511875 0.46212121249999993 0.8594276093750001 0.43139730624999995
0 0.891414140625 0.4234006734375 0.8640572390625 0.43139730624999995 0.8720538718749999 0.460437709375 0.8989898984375 0.4537037046875 0.891414140625 0.4234006734375
0 0.921717171875 0.414983165625 0.8964646453125 0.42213804687499995 0.9053030296875001 0.45286195312500005 0.9297138046875 0.4461279453125 0.921717171875 0.414983165625
0 0.914562290625 0.46632996562500006 0.8337542093750001 0.48821548750000004 0.835016834375 0.49284511875000003 0.9154040406249999 0.47222222187499996 0.914562290625 0.46632996562500006
0 0.91750841875 0.477693603125 0.8362794609374999 0.5 0.8367003375 0.5046296296875 0.91750841875 0.48316498281250003 0.91750841875 0.477693603125
0 0.9200336703125 0.4890572390625 0.8295454546875 0.5134680125 0.8329124578125 0.5168350171875 0.921717171875 0.4945286203125 0.9200336703125 0.4890572390625
0 0.99977043125 0.644704621875 0.8103764921875 0.695209671875 0.834481175 0.7828282828125 0.99938781875 0.7403581265625 0.99977043125 0.644704621875
0 0.200872359375 0.899525559375 0.22956841093749997 0.924778084375 0.3462656875 0.792776246875 0.31144781093749996 0.7659932656249999 0.2946127953125 0.7839761249999999 0.29920416250000004 0.7881848796875001 0.200872359375 0.899525559375
0 0.3872053875 0.8306550343750001 0.3523875109375 0.80119375625 0.23760330624999998 0.9320477500000001 0.270890725 0.9618916437499999 0.3872053875 0.8306550343750001
0 0.22344658750000002 0.9331955921875 0.19551576406249999 0.906795225 0.1136363640625 0.99938781875 0.166054484375 0.99977043125 0.22344658750000002 0.9331955921875
0 0.2647689015625 0.9672482406249999 0.230716253125 0.9397000312499999 0.1763850625 1 0.236838078125 0.99977043125 0.2647689015625 0.9672482406249999