0 0.0708168640625 0.870114184375 0.00054896875 0.8679183140625 0 0.9266578828125001 0.06752305625 0.9294027234375 0.0708168640625 0.870114184375
0 0 0.97441809375 0.065327184375 0.9777119015625001 0.0664251203125 0.9376372421875001 0 0.933794465625 0 0.97441809375
0 0.0642292484375 0.9886912593750001 0.00054896875 0.9886912593750001 0 1 0.06368028125 0.99967061875 0.0642292484375 0.9886912593750001
0 0.1339481765625 0.9930830046875 0.0719148 0.9897891953125001 0.0708168640625 1 0.133399209375 0.99967061875 0.1339481765625 0.9930830046875
0 0.24813350937499998 1 0.1438296 0.994180940625 0.1438296 1 0.24813350937499998 1
0 0.8821914796874999 0.97002635 0.438076415625 0.9464207296874999 0.4358805453125 0.9864953890624999 0.8821914796874999 1 0.8821914796874999 0.97002635
0 0.42819499375000003 0.9914360999999999 0.42709705781249996 0.99967061875 0.5764163375 0.9991216515625 0.42819499375000003 0.9914360999999999
0 0.40184453124999997 0.569828721875 0.0455643390625 0.5517127796875 0.0411725953125 0.638449715625 0.39635485312499996 0.6609574 0.40184453124999997 0.569828721875
0 0.0043917437500000005 0.61484409375 0.030742204687500004 0.61484409375 0.03348704375 0.548418971875 0.014822134375 0.548967940625 0.013175231249999999 0.5923364078125 0.0043917437500000005 0.592885375 0.0043917437500000005 0.61484409375
0 0.0290953015625 0.6302151953124999 0.0027448406250000002 0.6296662265624999 0.0027448406250000002 0.6368028109375 0.027997365625 0.6362538437499999 0.0290953015625 0.6302151953124999
0 0.752086078125 0.704874834375 0.61045235 0.6982872203125 0.60990338125 0.72848045625 0.7504391734375 0.735068071875 0.752086078125 0.704874834375
0 0.5676328500000001 0.5555555562500001 0.548967940625 0.5555555562500001 0.5374396140625 0.693346509375 0.5599472984375 0.6944444437499999 0.5676328500000001 0.5555555562500001
0 0.603864734375 0.6735836625 0.59343434375 0.6730346953125 0.599472990625 0.561045234375 0.5791611765625 0.5604962671875 0.5720245937499999 0.6884057968749999 0.6016688625 0.6916996046875 0.603864734375 0.6735836625
0 0.510540184375 0.2585639 0.4907773390625 0.2574659640625 0.4759552046875 0.5434782609375 0.4946201140625 0.5434782609375 0.510540184375 0.2585639
0 0.5561045234375 0.2602108046875 0.535792709375 0.2602108046875 0.52042160625 0.5456741328125 0.53798858125 0.545125165625 0.5561045234375 0.2602108046875
0 0.6016688625 0.2596618359375 0.5709266578125 0.2585639 0.5599472984375 0.446859903125 0.591238471875 0.44960474375 0.6016688625 0.2596618359375
0 0.66534914375 0.2404479578125 0.61100131875 0.2382520859375 0.5983750546875 0.443017128125 0.6532718484375 0.446859903125 0.66534914375 0.2404479578125
0 0.72848045625 0.24319279843750002 0.6708388234375 0.24154589375 0.66040843125 0.4479578390625 0.7147562578125 0.45234958281250004 0.72848045625 0.24319279843750002
0 0.7669082125 0.255819059375 0.7378129125 0.255819059375 0.73232323125 0.34804567343750004 0.7614185328125 0.3507905140625 0.7669082125 0.255819059375
0 0.7619675015625 0.3590250328125 0.7301273609375001 0.358476065625 0.7257356171875 0.451251646875 0.7592226609375 0.4539964875 0.7619675015625 0.3590250328125
0 0.8470575312499999 0.262406675 0.8168642953124999 0.261308740625 0.8102766796875001 0.3546332890625 0.8421168203124999 0.3573781296875 0.8470575312499999 0.262406675
0 0.8415678515625 0.3634167765625 0.8102766796875001 0.362318840625 0.8058849359375 0.45619235781249995 0.8377250765625 0.4578392625 0.8415678515625 0.3634167765625
0 0.658761528125 0.4836407546875 0.6878568296875 0.4880324984375 0.686209925 0.5434782609375 0.7175010984375 0.5473210359375 0.7213438734375 0.4616820375 0.6269213875 0.455094421875 0.6214317078125 0.542380325 0.6560166890625 0.5440272296875001 0.658761528125 0.4836407546875
0 0.6011198953125 0.45674132656250005 0.5583003953125 0.455094421875 0.5522617484375 0.5456741328125 0.59727711875 0.548418971875 0.6011198953125 0.45674132656250005