0 0.3131478875 0.2625102546875 0.295249459375 0.32291744375000003 0.338503990625 0.3363412625 0.3444701328125 0.30874785625 0.386233128125 0.3147139984375 0.3929450375 0.28488328749999997 0.3131478875 0.2625102546875
0 0.9164740046875 0.146021328125 0.956745465625 0.1490043984375 0.956745465625 0.1400551859375 0.9194570765625001 0.137072115625 0.9164740046875 0.146021328125
0 0.923185915625 0.1572078453125 0.880677153125 0.1549705421875 0.8784398484375 0.1661570578125 0.923185915625 0.170631665625 0.923185915625 0.1572078453125
0 0.8501006734375001 0.1833097171875 0.8747110093750001 0.18703855625000002 0.875456778125 0.1780893421875 0.8523379765625 0.1743605046875 0.8501006734375001 0.1833097171875
0 0.7986426984375 0.22656424687499999 0.8426429953125 0.231784621875 0.8426429953125 0.22283540781250002 0.800134234375 0.21686926562500003 0.7986426984375 0.22656424687499999
0 0.828473409375 0.20493698125 0.8590498875 0.207920053125 0.8590498875 0.20120814375 0.8292191765625001 0.19598776874999999 0.828473409375 0.20493698125
0 0.737489740625 0.278767990625 0.7777612015625001 0.2824968296875 0.7792527359375 0.269073009375 0.7389812765625 0.26683570625 0.737489740625 0.278767990625
0 0.7031844234375 0.3041240953125 0.74494741875 0.3100902375 0.7464389546875 0.3011410234375 0.7076590296874999 0.29592065 0.7031844234375 0.3041240953125
0 0.685285996875 0.3294801984375 0.7270489921875 0.335446340625 0.7292862953125 0.32500559375 0.691252140625 0.3190394515625 0.685285996875 0.3294801984375
0 0.7128794046875 0.34812439375 0.6733537125 0.345141321875 0.671862178125 0.3555820703125 0.7128794046875 0.3585651421875 0.7128794046875 0.34812439375
0 0.685285996875 0.38615855 0.656946821875 0.3831754796875 0.6554552874999999 0.3951077625 0.685285996875 0.39585353125 0.685285996875 0.38615855
0 0.676336784375 0.40778581562499994 0.6502349125 0.40778581562499994 0.6479976093750001 0.416735028125 0.675591015625 0.4204638671875 0.676336784375 0.40778581562499994
0 0.63159071875 0.5053322437500001 0.6084719171875 0.5023491734375 0.6062346140625 0.51428145625 0.63084495 0.5150272250000001 0.63159071875 0.5053322437500001
0 0.60772615 0.5612648265625 0.5868446515625 0.5560444515625 0.585353115625 0.5679767375 0.6062346140625 0.5679767375 0.60772615 0.5612648265625
0 0.5585054765625 0.6318144625000001 0.58386158125 0.6318144625000001 0.58386158125 0.624356784375 0.5614885484375 0.62211948125 0.5585054765625 0.6318144625000001
0 0.5726750640625 0.5952718406249999 0.5972854015625 0.5975091453125 0.5987769359375 0.590797234375 0.5756581359374999 0.5870683953125 0.5726750640625 0.5952718406249999
0 0.9985084593750001 0.8923857375 0.9500335546875001 0.8968603453125 0.9530166265625001 0.92147068125 0.9932880859375001 0.9542844625000001 1 0.9378775718749999 0.9985084593750001 0.8923857375
0 0.9075247921875 0.7081811 0.8873890624999999 0.7156387765625001 0.8538295124999999 0.7879782515625 0.8627787265625001 0.80811398125 0.9477962515625 0.8461481375 1 0.824520871875 0.9999999953125001 0.7864867156249999 0.9903050140625 0.78350364375 0.9835931046875 0.79394439375 0.9597285359375001 0.7902155546875 0.9418301093749999 0.8260124062499999 0.8955925078125 0.80811398125 0.9224401484375001 0.7253337578125 0.9977626921875 0.748452559375 0.999254228125 0.7238422234375 0.9075247921875 0.7081811
0 0.629502571875 0.9527929281249999 0.633977178125 0.9274368234375 0.6481467656250001 0.9259452874999999 0.6511298375 0.9020807187500001 0.667536728125 0.905063790625 0.6712655671875 0.8662838671875001 0.6585875156250001 0.86479233125 0.66007905 0.8431650656249999 0.619807590625 0.834215853125 0.6220448937499999 0.81184281875 0.5974345578125 0.8066224453125 0.6004176296875 0.781266340625 0.543739278125 0.7753001984375001 0.539264671875 0.8230293359375 0.5236035484375 0.8230293359375 0.515400103125 0.8707584734375 0.4997389796875 0.8707584734375 0.496010140625 0.92147068125 0.48034901874999997 0.9244537515625 0.47587441249999995 0.95503023125 0.5444850453125001 0.966216746875 0.5504511875 0.9423521796875001 0.629502571875 0.9527929281249999
0 0.7222760828125 0.75292714375 0.7588187046875 0.7581475171875 0.759564471875 0.7491983046875 0.7252591546875 0.745469465625 0.7222760828125 0.75292714375
0 0.7245133874999999 0.73353718125 0.7580729359375 0.7387575546875 0.7580729359375 0.7290625734375 0.7252591546875 0.7245879687500001 0.7245133874999999 0.73353718125
0 0.72898799375 0.71414721875 0.7655306140625 0.7186218265625001 0.7655306140625 0.707435309375 0.734954134375 0.7037064703125 0.72898799375 0.71414721875
0 0.7312252953125 0.6828249734375 0.7647848453125 0.688045346875 0.7647848453125 0.6813334375 0.73271683125 0.6753672953125001 0.7312252953125 0.6828249734375
0 0.7334626 0.6634350109375 0.768513684375 0.6679096171875 0.7700052203125 0.6582146375 0.735699903125 0.6537400296875 0.7334626 0.6634350109375
0 0.7371914390625001 0.641061978125 0.773734059375 0.6447908171875001 0.7759713625 0.63435006875 0.7371914390625001 0.6306212296875 0.7371914390625001 0.641061978125
0 0.7416660453125 0.6231635515625 0.7759713625 0.6231635515625 0.7759713625 0.6157058734375 0.7424118125 0.6127228031249999 0.7416660453125 0.6231635515625
0 0.7461406515625 0.593332840625 0.7461406515625 0.5992989828125 0.778954434375 0.60079051875 0.7797002015625 0.588112465625 0.7461406515625 0.5858751625 0.7461406515625 0.593332840625
0 0.7461406515625 0.57618018125 0.7804459687499999 0.5799090203125 0.7819375046875 0.5657394328125 0.7468864203125001 0.5635021296875 0.7461406515625 0.57618018125
0 0.7513610265625 0.5545529171875 0.783429040625 0.5560444515625 0.7849205765625 0.5456037046875 0.75210679375 0.541874865625 0.7513610265625 0.5545529171875
0 0.755089865625 0.5291968125000001 0.788649415625 0.53367141875 0.79014095 0.52472220625 0.7543440968749999 0.5187560640625 0.755089865625 0.5291968125000001
0 0.7543440968749999 0.5068237796874999 0.79088671875 0.5112983859375 0.7916324859375 0.5001118703125 0.7588187046875 0.497874565625 0.7543440968749999 0.5068237796874999
0 0.7573271687500001 0.49041688906249997 0.7938697890624999 0.494145728125 0.7938697890624999 0.48594228125 0.755089865625 0.48370497968750004 0.7573271687500001 0.49041688906249997
0 1 0.31754791875 0.8028190015625001 0.38541278437500004 0.8050563046875 0.395107765625 1 0.3250055953125 1 0.31754791875
0 0.8058020734375001 0.3704974296875 0.84234469375 0.3630397515625 0.8408531578125 0.3533447703125 0.8043105374999999 0.36229398437500004 0.8058020734375001 0.3704974296875
0 0.8490566046874999 0.3503617 0.99970169375 0.30114102656249997 0.99970169375 0.29144604531249996 0.8415989265625001 0.342904021875 0.8490566046874999 0.3503617
0 0.7632933093750001 0.46148109687499994 0.796852859375 0.46446416875 0.796852859375 0.4555149546875 0.7647848453125 0.45178611562500004 0.7632933093750001 0.46148109687499994