0 0.49846289062500004 0.8695652171875 0.38153271875 0.887681159375 0.38208168593749997 0.89481774375 0.4995608265625 0.878897671875 0.49846289062500004 0.8695652171875
0 0.5006587625 0.8926218703125001 0.3826306546875 0.9101888453125 0.3826306546875 0.9178743953125 0.501756696875 0.9036012296875 0.5006587625 0.8926218703125001
0 0.502305665625 0.917325428125 0.38537549375 0.9326965312500001 0.38702239843749997 0.9403820812499999 0.50395256875 0.9272068515624999 0.502305665625 0.917325428125
0 0.5050505046875 0.938186209375 0.387571365625 0.9535573125000001 0.387571365625 0.96179183125 0.506148440625 0.9475186656249999 0.5050505046875 0.938186209375
0 0.5072463765624999 0.9590469921875 0.3908651734375 0.9755160296875 0.39415898125000004 0.9837505484375001 0.5094422484375001 0.968928415625 0.5072463765624999 0.9590469921875
0 0.5094422484375001 0.9837505484375001 0.40239349999999996 0.9952788765625 0.4040404046875 1 0.510540184375 0.99198506875 0.5094422484375001 0.9837505484375001
0 0.095520421875 0.4062362765625 0.00054896875 0.43148880156249997 0.0010979359375000001 0.460035134375 0.10155906875000001 0.4369784796875 0.095520421875 0.4062362765625
0 0.10375494062499999 0.4474088703125 0.0010979359375000001 0.476504171875 0.0010979359375000001 0.5121870875 0.11418533125000001 0.48254281875 0.10375494062499999 0.4474088703125
0 0.261308740625 0.46113307031249995 0.0016469046875 0.5286561265625 0 0.5583003953125 0.2678963546875 0.4902283703125 0.261308740625 0.46113307031249995
0 0.27064119531249997 0.4995608265625 0.00054896875 0.570377690625 0.00054896875 0.6055116375 0.27942468125 0.5324989015625 0.27064119531249997 0.4995608265625
0 0.24483970156249998 0.0345849796875 0.00054896875 0.09771629375 0 0.374396134375 0.3129117265625 0.29314887968750003 0.24483970156249998 0.0345849796875