0 0.46622245468749995 0.30109513125 0.519659584375 0.31165061562499996 0.5321942187500001 0.2615120734375 0.47545850156249997 0.2483177203125 0.46622245468749995 0.30109513125
0 0.65556141875 0.127457446875 0.652922546875 0.1439503875 0.7063596765625 0.1551655875 0.7096582640625 0.1380129296875 0.65556141875 0.127457446875
0 0.69580419375 0.1116242234375 0.6964639109374999 0.1043673296875 0.70701939375 0.1043673296875 0.7083388296875001 0.09711043593749999 0.6740335125 0.0898535421875 0.672054359375 0.10106874218749999 0.6786515343749999 0.10238817656250002 0.6773321 0.10766591875 0.69580419375 0.1116242234375
1 0.375313371875 0.9808681796875 0.3852091375 0.9907639453125 0.390486878125 0.9828473328125 0.3819105484375 0.9736112859375 0.375313371875 0.9808681796875
1 0.299731715625 0.8751374625 0.310287196875 0.8645819796875 0.30500945625 0.8575449921875 0.295333596875 0.8676606625 0.299731715625 0.8751374625
0 0.0584749734375 0.1611310359375 0.09433962343749999 0.16788814375 0.09693850937500001 0.15853214843750002 0.05899475 0.1528145953125 0.0584749734375 0.1611310359375
0 0.097978065625 0.1891990234375 0.1333229375 0.19595613125 0.1354020484375 0.18815946875 0.10005717656249999 0.1798430265625 0.097978065625 0.1891990234375
0 0.1104527265625 0.22922189375 0.1457975984375 0.23234055781250001 0.1457975984375 0.223504340625 0.112012059375 0.21986589687500002 0.1104527265625 0.22922189375
0 0.14475804375 0.24221633125 0.1073340609375 0.2406569984375 0.10785383906249998 0.250532771875 0.14475804375 0.2515723265625 0.14475804375 0.24221633125
0 0.1333229375 0.26508654374999996 0.10369561875 0.26508654374999996 0.10213628593749999 0.273402984375 0.1333229375 0.27548209375 0.1333229375 0.26508654374999996
0 0.1052549515625 0.292114975 0.10421539531249999 0.2843183125 0.070949634375 0.29575341875 0.0693903015625 0.29835230468749996 0.07302874375 0.30251052500000003 0.1052549515625 0.292114975
0 0.031144781249999996 0.291245790625 0.0803056296875 0.2760018703125 0.0792660734375 0.2682052078125 0.027777778125000003 0.28198653125 0.031144781249999996 0.291245790625
0 0 0.822390571875 0.0420875421875 0.8080808078124999 0.0606060609375 0.7979797984375 0.059764309375000005 0.7794612796875 0.0606060609375 0.7575757578125 0.0420875421875 0.7356902359374999 0.0075757578125 0.7264309765625 0 0.724747475 0.0042087546875 0.7466329968750001 0.035353534375 0.7550505046875 0.04292929375 0.7861952859375 0.0286195296875 0.791245790625 0.00589225625 0.790404040625 0 0.760101009375 0 0.822390571875
0 0.0479797984375 0.3013468015625 0.0016835015625000001 0.31818181874999996 0.0025252531250000002 0.328282828125 0.053030303125 0.309764309375 0.0479797984375 0.3013468015625
0 0.013468012500000001 0.2887205390625 0.0016835015625000001 0.291245790625 0.0025252531250000002 0.3021885515625 0.015993265625 0.2988215484375 0.013468012500000001 0.2887205390625
0 0.01936026875 0.1548821546875 0.0505050515625 0.15656565625000002 0.0513468015625 0.1489898984375 0.018518518749999997 0.140572390625 0.01936026875 0.1548821546875