0 0.139984746875 0.77606250625 0.42967409375 0.685534584375 0.40299217968749995 0.610253471875 0.1209262375 0.6979226171875 0.139984746875 0.77606250625
1 0.2722732296875 0.22500252187499997 0.293461809375 0.21995762343749997 0.29043486875 0.21188578281249998 0.26874180000000003 0.21592170312499998 0.2722732296875 0.22500252187499997
0 0.10276460312499999 0.65603875625 0.39536878125 0.5672485234375 0.3933508203125 0.5606901546875 0.1022601125 0.644939978125 0.10276460312499999 0.65603875625
0 0.09771970468749999 0.6313187484375 0.09822419375 0.6318232390625 0.389819390625 0.5470689265625001 0.38729694062500003 0.5384925953125 0.0967107234375 0.6232469093749999 0.09771970468749999 0.6313187484375
0 0.5496933625 0.8134920625 0.5357142859375 0.8193542562499999 0.5397727265625 0.8238636359375 0.552398990625 0.81890331875 0.5496933625 0.8134920625
0 0.55735930625 0.83017676875 0.5442821062500001 0.8351370843750001 0.5483405484375 0.8409992781250001 0.5600649343749999 0.8369408375 0.55735930625 0.83017676875
0 0.5636724390625 0.846861471875 0.552849928125 0.8513708515625 0.5546536796875 0.8558802312499999 0.565476190625 0.8518217890625 0.5636724390625 0.846861471875
0 0.572240259375 0.8608405484375 0.5578102453125 0.8680555562500001 0.561204146875 0.872873471875 0.5749458875 0.8689574312499999 0.572240259375 0.8608405484375
0 0.576820840625 0.87719298125 0.565855928125 0.8831738437500001 0.569178628125 0.8898192453125 0.5798112703125 0.8848351937500001 0.576820840625 0.87719298125
0 0.5831339703125 0.8941387562499999 0.5731658687500001 0.8994550765625 0.575159490625 0.90510366875 0.5871212124999999 0.8997873468750001 0.5831339703125 0.8941387562499999
0 0.591108453125 0.9114167999999999 0.5798112703125 0.91606858125 0.5811403515625 0.9213849015625 0.59509569375 0.9170653906249999 0.591108453125 0.9114167999999999
0 0.5974215843749999 0.9257044125 0.5867889421875 0.9313530046875 0.5891148328125 0.9386629453124999 0.601408825 0.9333466234375001 0.5974215843749999 0.9257044125
0 0.605396065625 0.9436469953125 0.5931020734375 0.949960128125 0.5970893140625 0.9549441796875 0.6090510375 0.951621478125 0.605396065625 0.9436469953125