0 0.062079125 0 0.00052609375 0.00052609375 0 0.0710227265625 0.057870370312499995 0.0736531984375 0.062079125 0
0 0 0.1646675078125 0.053661615625000006 0.1672979796875 0.05681818125 0.084701178125 0 0.08207070625 0 0.1646675078125
0 0.053661615625000006 0.1788720546875 0.0010521890625 0.1772937703125 0 0.2609427609375 0.0494528625 0.26252104374999996 0.053661615625000006 0.1788720546875
0 0.11994949531250002 0.1820286203125 0.061553029687500004 0.1793981484375 0.0573442765625 0.26252104374999996 0.1173190234375 0.2672558921875 0.11994949531250002 0.1820286203125
0 0.2325336703125 0.1893939390625 0.1331018515625 0.18465909062500002 0.1294191921875 0.2672558921875 0.22885100937499997 0.272516834375 0.2325336703125 0.1893939390625
0 0.3393308078125 0.1951809765625 0.2388468015625 0.19097222187500001 0.23516414062500002 0.272516834375 0.334595959375 0.278829965625 0.3393308078125 0.1951809765625
0 0.13152356875 0.00052609375 0.071548821875 0.00052609375 0.06786616250000001 0.0747053875 0.127314815625 0.0757575765625 0.13152356875 0.00052609375
0 0.14309764375 0 0.1383627953125 0.07786195312500001 0.23832070625 0.084175084375 0.24358165 0 0.14309764375 0
0 0.34932659843749997 0.0057870375 0.2493686875 0.0010521890625 0.24515993281249998 0.0831228953125 0.3456439390625 0.090488215625 0.34932659843749997 0.0057870375
0 0.1262626265625 0.08838383749999999 0.0668139734375 0.0862794609375 0.059974746875 0.16940235625 0.12205387187500001 0.172032828125 0.1262626265625 0.08838383749999999
0 0.2388468015625 0.096801346875 0.1383627953125 0.0920664984375 0.134154040625 0.17518939375 0.234638046875 0.1820286203125 0.2388468015625 0.096801346875
0 0.3435395625 0.10206229062500001 0.24410774375000002 0.0983796296875 0.240425084375 0.181502525 0.340382996875 0.1862373734375 0.3435395625 0.10206229062500001
0 0.683922559375 0.127314815625 0.683396465625 0.14204545468750002 0.6707702015625 0.141519359375 0.671822390625 0.1262626265625 0.571338384375 0.1204755890625 0.571338384375 0.1352062296875 0.5581860265625 0.1352062296875 0.5581860265625 0.1194234015625 0.440340909375 0.1136363640625 0.440340909375 0.097327440625 0.4240319875 0.097853534375 0.4192971375 0.1551978109375 0.8733164984374999 0.1793981484375 0.8759469703124999 0.13468013437499998 0.683922559375 0.127314815625
0 0.86226851875 0.053661615625000006 0.8038720546875 0.04997895625 0.802819865625 0.0205176765625 0.8764730640625 0.0242003375 0.8775252531250001 0 0.42561026875 0.0010521890625 0.425084175 0.0320917515625 0.453493265625 0.0331439390625 0.453493265625 0.014730640625 0.47927188593750003 0.015256734375 0.47927188593750003 0.0236742421875 0.48505892343749996 0.0236742421875 0.484006734375 0.036826598437500004 0.6018518515625 0.041561448437499995 0.6018518515625 0.0294612796875 0.62447390625 0.0326178453125 0.6271043765625001 0.009995790625 0.728640571875 0.0163089234375 0.727588384375 0.044191918749999996 0.6239478109375 0.0378787875 0.6239478109375 0.052609428125 0.4235058921875 0.038930976562500004 0.42140151562500006 0.084701178125 0.43928872031250005 0.08680555625 0.440340909375 0.072074915625 0.6492003375000001 0.0852272734375 0.650252525 0.0731271046875 0.6613005046875 0.0736531984375 0.6613005046875 0.06313131250000001 0.677609428125 0.0641835015625 0.6765572390625 0.0757575765625 0.6860269359375 0.0768097640625 0.6865530296875 0.08838383749999999 0.8890993265624999 0.10048400625000001 0.8896254203125 0.065235690625 0.86332070625 0.0647095953125 0.86226851875 0.053661615625000006