0 0.2221545953125 0.33265091406249997 0.24428705781249999 0.3320976015625 0.24428705781249999 0.31494494375 0.21053505156250002 0.3154982546875 0.2121949875 0.34371714531249997 0.22326121875 0.343163834375 0.2221545953125 0.33265091406249997
0 0.3754219 0.2806396265625 0.4130470875 0.27953300312499996 0.4130470875 0.2529740484375 0.3743152765625 0.2513141125 0.3754219 0.2806396265625
0 0.3389033359375 0.3415038984375 0.36546229218750004 0.317158190625 0.336690090625 0.28506611875 0.3355834671875 0.3415038984375 0.3389033359375 0.3415038984375
0 0.66082001875 0.3293310453125 0.6740994953125 0.3166048796875 0.6740994953125 0.306091959375 0.6602667062500001 0.298345596875 0.66082001875 0.3293310453125
0 0.7133846171875 0.33043766875 0.7338571453125 0.3293310453125 0.7338571453125 0.3215846828125 0.728877340625 0.3215846828125 0.72777071875 0.31494494375 0.7205776671875 0.31494494375 0.717811109375 0.306091959375 0.6823991687500001 0.3083052046875 0.6823991687500001 0.3177115015625 0.676866053125 0.318818125 0.676866053125 0.3265644875 0.6724395609375 0.3271177984375 0.6724395609375 0.334864159375 0.6967852703124999 0.3320976015625 0.6945720234375 0.3182648125 0.7128313046875 0.3166048796875 0.7133846171875 0.33043766875
1 0.531898421875 0.32269130625 0.5446245875 0.32047805937499996 0.5446245875 0.3083052046875 0.5313451109375 0.3083052046875 0.531898421875 0.32269130625
0 0.6397941781250001 0.26083107499999997 0.6586067718749999 0.259171140625 0.6569468374999999 0.2453383515625 0.6386875546875 0.24478503906250001 0.6397941781250001 0.26083107499999997
0 0.6226415203125 0.2547446484375 0.6442206703125 0.23703867656250002 0.6425607359375001 0.225419134375 0.6176617156249999 0.2077131640625 0.6226415203125 0.2547446484375
1 0.405902278125 0.928002815625 0.42173550156250006 0.9302018734375 0.424814184375 0.8945771203125 0.41074020625 0.8923780625 0.405902278125 0.928002815625
1 0.2466904171875 0.1790033875 0.2590051453125 0.1794431984375 0.2594449578125 0.16800809375 0.24713022968749998 0.16800809375 0.2466904171875 0.1790033875
0 0.5216607453125001 0.8314201625000001 0.5528873796875 0.8305405390624999 0.5528873796875 0.8248229874999999 0.520781121875 0.8235035515625 0.5216607453125001 0.8314201625000001