1 0.41784779843750003 0.56558635 0.4300352140625 0.5660377359375001 0.430937984375 0.556558634375 0.41875057031249996 0.5552044781250001 0.41784779843750003 0.56558635
1 0.702672209375 0.4984201546875 0.7175679390624999 0.4984201546875 0.7189220953125 0.4848785828125 0.704026365625 0.484427196875 0.702672209375 0.4984201546875
1 0.7645120578125 0.0577773765625 0.7803105593749999 0.0577773765625 0.7794077875000001 0.0487496609375 0.7649634437499999 0.0487496609375 0.7645120578125 0.0577773765625
0 0.7473593984375 0.14986007031249998 0.7947549031250001 0.149408684375 0.7803105593749999 0.1281935546875 0.76135235625 0.12774216875 0.7473593984375 0.14986007031249998
0 0.1160512796875 0.9437573562500001 0.17428004218749998 0.9383407281249999 0.1724744984375 0.9180283687499999 0.11334296562499999 0.922090840625 0.1160512796875 0.9437573562500001
0 0 0.9166742125 0.01539225625 0.913965896875 0.014940870312499998 0.90809788125 0.0226144296875 0.9071951109375 0.0217116578125 0.893202153125 0 0.8950076953125 0 0.9166742125
0 0.98962043125 0.98799315 1 0.99107183125 0.999296290625 0.9831552203125 0.991819490625 0.9800765374999999 0.98962043125 0.98799315
0 0.9333245265624999 0.15393411562499998 0.9685094671875 0.15789242187500002 0.9711483375000001 0.12402691562499998 0.9368430203125 0.1213880453125 0.9333245265624999 0.15393411562499998
0 0.9711483375000001 0.0813651765625 0.9997361015624999 0.0831244234375 0.9997361015624999 0.06597176406250001 0.9711483375000001 0.0642125171875 0.9711483375000001 0.0813651765625
0 0.7004002296875 0.959405384375 0.7008400406249999 0.9532480203125001 0.681928134375 0.9532480203125001 0.6832475703124999 0.9660025624999999 0.6938030515625 0.9668821843750001 0.6942428640625 0.959845196875 0.7004002296875 0.959405384375
0 0.5415402296875 1 0.5424198515625 0.97303955 0.5362624874999999 0.97303955 0.5358226765625 1 0.5415402296875 1