0 0.32710116875 0.1680960546875 0.3545454234375 0.180102915625 0.39056600625 0.072041165625 0.366552284375 0.06689536874999999 0.32710116875 0.1680960546875
0 0.2842195234375 0.06861063437500001 0.1984562296875 0.034305317187500003 0.1898799 0.065180103125 0.28078899062499996 0.0977701546875 0.2602058 0.1457975984375 0.2893653203125 0.157804459375 0.32538590312500004 0.046312178125 0.29622638437500004 0.0445969125 0.2842195234375 0.06861063437500001
0 0.1761577734375 0.10463121875 0.1572898484375 0.16295025624999998 0.2447684078125 0.18524871406250001 0.2653515984375 0.13379073749999998 0.1761577734375 0.10463121875
0 0.1538593171875 0.048027443749999996 0.1572898484375 0.027444254687500003 0.07667235312500001 0.0034305312499999996 0 0.0034305312499999996 0.1538593171875 0.048027443749999996
0 0 0.10463121875 0.1332761265625 0.1440823328125 0.150428784375 0.089193825 0 0.048027443749999996 0 0.10463121875
0 0 0.20754717031249997 0.0903944796875 0.236706690625 0.1092624046875 0.1835334484375 0 0.1509433953125 0 0.20754717031249997
0 0.0629502265625 0.3310463125 0.08696394843750001 0.2744425390625 0 0.2572898796875 0.006346451562499999 0.3190394515625 0.0629502265625 0.3310463125
0 0.0680960234375 0.373927959375 0.0029159203125 0.35334476875 0 0.41509434062499995 0.044082301562499995 0.43396226406249994 0.0680960234375 0.373927959375
0 0.020068579687499997 0.5197255562499999 0.033790706250000004 0.466552315625 0.006346451562499999 0.4511149234375 0.0029159203125 0.4596912515625 0.0029159203125 0.5180102921875 0.020068579687499997 0.5197255562499999
0 0.0307845 0.5911347874999999 0.11835333750000002 0.61821793125 0.1264782796875 0.5911347874999999 0.039812215625 0.5622460984375001 0.0307845 0.5911347874999999
0 0.06689536093750001 0.473774490625 0.0488399296875 0.5306490953125 0.13550599531250002 0.5586350125 0.153561425 0.5008576359375 0.06689536093750001 0.473774490625
0 0.13550599531250002 0.251692696875 0.21675543125000002 0.27787307031249997 0.2348108609375 0.219192921875 0.153561425 0.198429178125 0.13550599531250002 0.251692696875
0 0.2149498875 0.32030333125 0.1210616515625 0.29141464375 0.1030062203125 0.3473864765625 0.193283371875 0.374469621875 0.2149498875 0.32030333125
0 0.17793625625 0.41328879687500003 0.0921729625 0.3853028796875 0.0750203046875 0.44669134218749995 0.1580752828125 0.4692606296875 0.17793625625 0.41328879687500003
0 0.3269296734375 0.20939965625 0.2583190390625 0.18744425468749998 0.24116638125 0.24164665625 0.31046312187499997 0.264288165625 0.3269296734375 0.20939965625
0 0.43464837031250003 0.2409605484375 0.357804459375 0.22037735937499997 0.3433962265625 0.2711492296875 0.41612349843749996 0.29036020625000003 0.43464837031250003 0.2409605484375