0 0.11388326093750001 0.1590519265625 0.1383128046875 0.165809034375 0.1414314703125 0.1502157078125 0.11856125937499999 0.1444981546875 0.11388326093750001 0.1590519265625
0 0.5923904624999999 0.2609283234375 0.60122668125 0.222464784375 0.5903113531249999 0.2193461203125 0.5799158015625 0.256250325 0.5923904624999999 0.2609283234375
0 0.5586049234375 0.2188263421875 0.54716981875 0.217267009375 0.5409324875 0.2437756640625 0.550808259375 0.2463745515625 0.5586049234375 0.2188263421875
0 0.7676594546875 0.33619211875 0.7915692203125 0.3325536765625 0.7894901109375 0.325276790625 0.76817923125 0.32839545625 0.7676594546875 0.33619211875
0 0.9718280640625 0.010395551562499999 0.9458391875000001 0.0046779984375 0.9375227468749999 0.0363844265625 0.9635116234375 0.0421019796875 0.9718280640625 0.010395551562499999
0 0.79094548125 0.2433598484375 0.801860809375 0.2459587359375 0.8065388078125 0.23088518750000003 0.7951037015625 0.2272467453125 0.79094548125 0.2433598484375
0 0.9188107546875001 0.3119704828125 0.9463589656250001 0.3197671453125 0.94999740625 0.3026144875 0.9229689765625 0.2953376015625 0.9188107546875001 0.3119704828125
0 0.7526485843749999 0.5371809046875 0.7713147124999999 0.538189884375 0.776864103125 0.5159923265625 0.7581979734375001 0.5104429359375 0.7526485843749999 0.5371809046875
0 0.4752799953125 0.6101301703125 0.47729795468749997 0.5980224125 0.4434971265625 0.587428121875 0.43391181874999996 0.6187064999999999 0.4576228453125 0.6262738484375 0.4631722359375 0.60710323125 0.4752799953125 0.6101301703125
0 0.48436081406250003 0.61214813125 0.5181616421874999 0.621733440625 0.5136212312499999 0.6338411984375 0.49747755312499997 0.6298052796875 0.49545959375 0.6373726296875 0.5227020515625 0.6439309984375 0.5322873609375 0.611643640625 0.48738775468749995 0.600040371875 0.48436081406250003 0.61214813125
1 0.0906568375 0.6634042984375 0.1007466359375 0.6664312375 0.1073050046875 0.6396932703125 0.0982241859375 0.6366663296875 0.0906568375 0.6634042984375
0 0.014478853125 1 0.02557763125 0.9692261484375001 0.0008576234375 0.964685740625 0.0008576234375 1 0.014478853125 1