0 0.038450534375 0 0 0.21297884531250003 0.0027158296875 0.280160090625 0.015580323437499998 0.28301886875000004 0.0670382984375 0 0.038450534375 0
0 0.9989994203125001 0.5517438546875 0.4701257765625 0.38307604375 0.47441394218750005 0.3687821609375 0.05560319375 0.2372784453125 0.051315028124999995 0.2644368203125 0.4558318953125 0.39165237343750003 0.46154944843749995 0.41452258437499995 1 0.588907946875 0.9989994203125001 0.5517438546875
0 0.0727558515625 0.144368209375 0.05560319375 0.20154373906249998 0.49442537656249996 0.34019439687499997 0.5101486484375 0.28444825625000003 0.0727558515625 0.144368209375
0 0.0956260625 0.051457976562499994 0.08276156875 0.11006289375 0.5130074234374999 0.2515723265625 0.5301600828125 0.191538021875 0.0956260625 0.051457976562499994
0 0.114208109375 0 0.10706116875 0.0257289875 0.5415951890625 0.15866209375 0.557318459375 0.1029159515625 0.23284733281249997 0.0028587765625 0.114208109375 0
0 0.34148083749999997 0 0.5673241765625 0.06861063437500001 0.5859062234375 0.01286449375 0.5373070234374999 0 0.34148083749999997 0
0 1 0.453116065625 0.55017151875 0.314465409375 0.534448246875 0.3687821609375 1 0.513150371875 1 0.453116065625
0 0.5801886703125 0.2258433390625 0.560177234375 0.27873070312500003 0.9989994203125001 0.4202401375 0.9989994203125001 0.3544882796875 0.5801886703125 0.2258433390625
0 0.6102058234375 0.130074328125 0.5916237765625 0.18582046875 0.9989994203125001 0.3230417375 0.9989994203125001 0.2487135515625 0.6102058234375 0.130074328125
0 0.6345054234374999 0.031446540625000005 0.620211540625 0.0957690109375 0.9989994203125001 0.21440823281250002 0.9989994203125001 0.148656375 0.6345054234374999 0.031446540625000005
0 1 0.0457404234375 0.854631209375 0 0.65022869375 0.0014293875 1 0.1029159515625 1 0.0457404234375