0 0.439193825 0.3917667265625 0.4846483703125 0.3840480296875 0.47006861093749996 0.363464840625 0.44348199062500004 0.3686106375 0.439193825 0.3917667265625
0 0.1008943765625 0.265866209375 0.11620925156249999 0.2683165890625 0.11682184531249999 0.2382994359375 0.10150697187499999 0.23646165156249999 0.1008943765625 0.265866209375
0 0.0719971765625 0.1427629 0.06496018906249999 0.1423230875 0.06496018906249999 0.148480453125 0.0895896484375 0.1511193234375 0.0895896484375 0.14540177031249998 0.0719971765625 0.14540177031249998 0.0719971765625 0.1427629
1 0.824251209375 0.21849848437500002 0.820732715625 0.229053965625 0.8268900796875001 0.231253025 0.8312881984375 0.2211373546875 0.824251209375 0.21849848437500002
0 0.734969421875 0.23960944843749998 0.745964715625 0.24224831875000002 0.749483209375 0.2303734015625 0.7380481046875 0.22685490625 0.734969421875 0.23960944843749998
0 0.75212208125 0.1943967984375 0.7411267875 0.1943967984375 0.739367540625 0.199234728125 0.7552007625 0.20275322187499997 0.75915906875 0.191318115625 0.7530017046874999 0.18911905625 0.75212208125 0.1943967984375
1 0.7829089046875 0.7383560046875 0.8035800562500001 0.7436337453124999 0.806218928125 0.7365967578125 0.7855477750000001 0.7295597703125 0.7829089046875 0.7383560046875
0 0.38048115625 0.83265165625 0.35805075625 0.807142575 0.3479350859375 0.808901821875 0.333861109375 0.8212165515625 0.36948586250000004 0.85508205625 0.3800413453125 0.846285821875 0.38048115625 0.83265165625
1 0.5458503796875 0.7117034234374999 0.5559660484375 0.7095043640625 0.5546466140625 0.7024673765625 0.54409113125 0.7042266234375 0.5458503796875 0.7117034234374999
0 0.082552659375 0.6803887937499999 0.09662663593750001 0.6751110515625001 0.08475171875000001 0.6452038531250001 0.0662796234375 0.652240840625 0.0706777421875 0.6715925578124999 0.0785943546875 0.6693935 0.082552659375 0.6803887937499999
0 0.112459859375 0.6324493125 0.0948673890625 0.6381668656249999 0.101024753125 0.659717640625 0.11333948281249999 0.6544399000000001 0.1098209890625 0.645643665625 0.11553854062499999 0.6430047937500001 0.112459859375 0.6324493125
0 0.37749043125 0.023749834375 0.34802304375 0.0272683296875 0.35066191562500004 0.052777410937500005 0.391124596875 0.048819104687499996 0.38936535 0.035624753125000005 0.379689490625 0.0360645640625 0.37749043125 0.023749834375
0 0.9411611890625 0.9848744984375 0.94999740625 0.9859140546875 0.95207651875 0.9723998375 0.9442798546875 0.9708405062500001 0.9411611890625 0.9848744984375