0 0.3411122171875 0.5849959375 0.3370497453125 0.60575968125 0.35329963124999997 0.607565225 0.3573621046875 0.5877042515625 0.3411122171875 0.5849959375
0 0.2422587359375 0.666696759375 0.274307125 0.67075923125 0.27611266875 0.6594745875 0.27250158125 0.6581204296875 0.274307125 0.6459330140625 0.21698113437500002 0.6364539140625001 0.215175590625 0.6486413296875 0.24496705156249998 0.6527038015625 0.2422587359375 0.666696759375
0 0.3003474515625 0.5479174859375 0.2686810046875 0.5448388046875 0.2686810046875 0.5483572984375 0.284954040625 0.5514359796875 0.2845142296875 0.5567137203125 0.2497690984375 0.5518757921875 0.2497690984375 0.5492369203125 0.2598847703125 0.5483572984375 0.26032458125 0.5439591796875 0.22777851093749998 0.5373620046875 0.22118133437499998 0.5641905203124999 0.23701455781249997 0.5681488265625 0.24097286406250001 0.5571535328125 0.29770858125 0.56550995625 0.3003474515625 0.5479174859375
0 0.25196815781250004 0.47578835625 0.2651625109375 0.47622816874999996 0.26648194531249997 0.46743193437499997 0.255046840625 0.4656726875 0.25196815781250004 0.47578835625
0 0.36543959375 0.1560452140625 0.3306944625 0.15076747343750002 0.32937502812499997 0.1560452140625 0.36016185156249997 0.1600035203125 0.35884241562499997 0.16792013125 0.36455996874999996 0.16835994375000002 0.36543959375 0.1560452140625
1 0.3786339453125 0.0668513875 0.3830320625 0.0567357171875 0.35796279375 0.046180234375000004 0.35312486249999997 0.05585609375 0.3786339453125 0.0668513875
0 0.5885121328125 0.7188283515625 0.6214980156250001 0.7249857171875 0.6223776375 0.7179487296875 0.58983156875 0.7109117406250001 0.5885121328125 0.7188283515625
0 0.6351321796875 0.681004540625 0.6302942500000001 0.7131107984375 0.654483896875 0.7175089171875 0.6553635203125 0.7073932453125 0.6395302968750001 0.7029951296875 0.6426089796875 0.6840832234375 0.6351321796875 0.681004540625
0 0.11034877031250001 0.8613273625 0.1077099015625 0.8732022796875001 0.1552095703125 0.8815587046875001 0.1574086296875 0.867044915625 0.1349782296875 0.85780886875 0.11034877031250001 0.8613273625
0 0 0.7782029406250001 0.008224471875 0.780841809375 0.0126225890625 0.7579715984375001 0 0.7548929171875 0 0.7782029406250001
0 0.02537713125 0.78260105625 0.0403307296875 0.7865593625 0.0442890359375 0.7619299046875 0.028895625 0.7584114109375 0.02537713125 0.78260105625