0 0.1919778328125 0.943220290625 0.235959009375 0.932224996875 0.22804239843750002 0.902317796875 0.18626028125 0.91199365625 0.1919778328125 0.943220290625
0 0.005057834375 0.511061265625 0.012534634375000001 0.54624620625 0.03716409375 0.540968465625 0.028367859375 0.5053437125 0.005057834375 0.511061265625
0 0.0481593875 0.5510841359375 0.1092932234375 0.5374499703125 0.10709416406250001 0.5277741125000001 0.0455205171875 0.540968465625 0.0481593875 0.5510841359375
0 0.0551963765625 0.5743941593749999 0.1154505875 0.56119980625 0.11281171718750001 0.551963759375 0.0543167515625 0.5647183015625 0.0551963765625 0.5743941593749999
0 0.057835246875 0.5924264406249999 0.0622333640625 0.6135374062500001 0.12336719843749999 0.59902361875 0.11896908125000001 0.5752737828125001 0.057835246875 0.5924264406249999
0 1 0.6898007765624999 0.9839908734374999 0.67924529375 0.9716761437500001 0.6959581406249999 1 0.7157496703125 1 0.6898007765624999
0 0.67621058125 0.8534107515624999 0.6740115234374999 0.8446145156249999 0.666974534375 0.8446145156249999 0.6740115234374999 0.8767207734375001 0.6898447453125 0.874521715625 0.6845670046875 0.8516515046875 0.67621058125 0.8534107515624999
1 0.3523332015625 0.6725601765625 0.354532259375 0.6831156593750001 0.3857588953125 0.6760786703125 0.38312002343749996 0.665963 0.3523332015625 0.6725601765625
1 0.3615692484375 0.79570746875 0.32418524843749996 0.8036240812500001 0.3259444953125 0.812420315625 0.3615692484375 0.8045037046875001 0.3615692484375 0.79570746875
0 0.4505871484375 0.45027927500000003 0.4725777375 0.41817301718750005 0.449707525 0.40058054531250004 0.42419844375000004 0.4348858625 0.4505871484375 0.45027927500000003
0 0.33491665625 0.32097463125000003 0.3314470296875 0.3261790703125 0.33095835 0.325812559375 0.31688437343750003 0.34780314843750004 0.3635044203125 0.38034921875 0.3837357609375 0.352641078125 0.33491665625 0.32097463125000003
0 0.33222280937500004 0.3267609046875 0.3379953375 0.3310903015625 0.32743985625 0.34780314843750004 0.3393147734375 0.356159571875 0.3467915734375 0.34340503125 0.3542683734375 0.34868277187499996 0.3577868671875 0.34252540625 0.33222280937500004 0.3267609046875
0 0.45410564375 0.39442319531250003 0.48005453749999993 0.4124554765625 0.48357303125 0.40585830156249997 0.458503759375 0.38782601875 0.45410564375 0.39442319531250003
0 0.55675771875 0.1719663984375 0.5725909421875001 0.1416193875 0.5589567765625 0.135022209375 0.54136430625 0.1644895984375 0.55675771875 0.1719663984375
0 0.5079386125 0.154813740625 0.48506840156250003 0.1869199984375 0.5079386125 0.20407265625 0.52685051875 0.176804328125 0.5228922125000001 0.172846021875 0.5272903296875 0.165369221875 0.5079386125 0.154813740625
0 0.524739428125 0.2205216203125 0.5308967921875001 0.227118796875 0.5273782984375 0.234155784375 0.535734721875 0.2394335265625 0.5454105796875 0.22667898437499998 0.5300171687499999 0.215683690625 0.524739428125 0.2205216203125
0 0.7212473171875 0.9998680671875 0.7489554578125001 0.9994282546875001 0.744117528125 0.9884329609375 0.7212473171875 0.9998680671875
0 0.2704678359375 0.460526315625 0.29106858125 0.47248803749999996 0.34821903125000003 0.3907496015625 0.334263690625 0.3787878796875 0.328282828125 0.3860978203125 0.32562466875 0.38144603906249996 0.328282828125 0.37612971875 0.311004784375 0.3648325359375 0.2498670921875 0.45653907499999996 0.2658160546875 0.4665071765625 0.2704678359375 0.460526315625